/multisense/left/camera_info
header: 
  seq: 51440
  stamp: 
    secs: 1717184814
    nsecs: 771590000
  frame_id: "multisense/left_camera_optical_frame"
height: 544
width: 1024
distortion_model: "plumb_bob"
D: [-0.03597196191549301, 0.08101943135261536, -0.00028405245393514633, 0.0011874435003846884, -0.03709280863404274, 0.0, 0.0, 0.0]
K: [455.77496337890625, 0.0, 497.1180114746094, 0.0, 456.319091796875, 251.58502197265625, 0.0, 0.0, 1.0]
R: [0.9999926686286926, -0.001692004851065576, 0.003427336923778057, 0.0016923071816563606, 0.9999985694885254, -8.531315688742325e-05, -0.003427187679335475, 9.11126408027485e-05, 0.9999940991401672]
P: [477.6049499511719, 0.0, 499.5, 0.0, 0.0, 477.6049499511719, 252.0, 0.0, 0.0, 0.0, 1.0, 0.0]
binning_x: 0
binning_y: 0
roi: 
  x_offset: 0
  y_offset: 0
  height: 0
  width: 0
  do_rectify: False
---

/multisense/left/image_rect_color/camera_info
header: 
  seq: 32706
  stamp: 
    secs: 1722004447
    nsecs: 869893000
  frame_id: "multisense/left_camera_optical_frame"
height: 544
width: 1024
distortion_model: "plumb_bob"
D: [-0.03597196191549301, 0.08101943135261536, -0.00028405245393514633, 0.0011874435003846884, -0.03709280863404274, 0.0, 0.0, 0.0]
K: [455.77496337890625, 0.0, 497.1180114746094, 0.0, 456.319091796875, 251.58502197265625, 0.0, 0.0, 1.0]
R: [0.9999926686286926, -0.001692004851065576, 0.003427336923778057, 0.0016923071816563606, 0.9999985694885254, -8.531315688742325e-05, -0.003427187679335475, 9.11126408027485e-05, 0.9999940991401672]
P: [477.6049499511719, 0.0, 499.5, 0.0, 0.0, 477.6049499511719, 252.0, 0.0, 0.0, 0.0, 1.0, 0.0]
binning_x: 0
binning_y: 0
roi: 
  x_offset: 0
  y_offset: 0
  height: 0
  width: 0
  do_rectify: False
---

/multisense/right/image_rect/camera_info
header: 
  seq: 11215
  stamp: 
    secs: 1717184814
    nsecs: 771590000
  frame_id: "multisense/right_camera_optical_frame"
height: 544
width: 1024
distortion_model: "plumb_bob"
D: [-0.03452092036604881, 0.077264204621315, 0.00067000841954723, 0.002273165388032794, -0.03449925407767296, 0.0, 0.0, 0.0]
K: [454.614990234375, 0.0, 509.3581848144531, 0.0, 455.0911865234375, 243.64178466796875, 0.0, 0.0, 1.0]
R: [0.9999784827232361, -0.005057673901319504, 0.004178035072982311, 0.005057305097579956, 0.9999871850013733, 9.877845150185749e-05, -0.004178481176495552, -7.764672773191705e-05, 0.999991238117218]
P: [477.6049499511719, 0.0, 499.5, -100.14994812011719, 0.0, 477.6049499511719, 252.0, 0.0, 0.0, 0.0, 1.0, 0.0]
binning_x: 0
binning_y: 0
roi: 
  x_offset: 0
  y_offset: 0
  height: 0
  width: 0
  do_rectify: False
---

